RDFIPT = 7.29966089E-02
TUIPT = 0.71114331
TDIPT = 0.16205148
RNET = 17.933075
WIND = 8.20037797E-02
PAR = 17.746254
TAIR = -0.55100000
CA = 394.66666
RH = 0.73264003
VPD = 157.64043
VMFD = 1.5811477
PRESS = 99700.000
SOILMOIST = 0.0000000
JMAX25 = 24.935791
IECO = 1
EAVJ = 43790.000
EDVJ = 200000.00
DELSJ = 644.43378
VCMAX25 = 16.966621
EAVC = 51560.000
EDVC = 0.0000000
DELSC = 0.0000000
TVJUP = -100.00000
TVJDN = -100.00000
THETA = 0.94999999
AJQ = 0.30000001
RD0 = 0.50000006
Q10F = 0.10260000
RTEMP = 28.000000
DAYRESP = 0.60000002
TBELOW = -100.00000
MODELGS = 4
GSREF = 0.0000000
GSMIN = 0.0000000
I0 = 0.0000000
D0 = 2.66481364E-21
VK1 = 0.0000000
VK2 = 0.0000000
VPD1 = 0.0000000
VPD2 = 0.0000000
VMFD0 = 0.0000000
GSJA = 0.0000000
GSJB = 0.0000000
T0 = 0.0000000
TREF = 0.0000000
TMAX = 0.0000000
SMD1 = 0.0000000
SMD2 = 0.0000000
SOILDATA = 0
SWPEXP = 0.0000000
G0 = 0.0000000
D0L = 2.66246708E-44
GAMMA = 0.0000000
G1 = 3.0573249
GK = 0.0000000
WLEAF = 2.00000009E-03
NSIDES = 1
ITERMAX = 0
GSC = 3.10860965E-02
ALEAF = 0.90336776
RD = 2.08401568E-02
ET = 25.522041
FHEAT = 35.178410
TLEAF = -3.1650000
GBH = 4.7081380
DECOUP = 1.48436092E-02
